BLi : ( 547 , 346 )
BLo : ( 726 , 351 )
BLu1 : ( 587 , 320 )
BLu2 : ( 633 , 306 )
BLu3 : ( 683 , 316 )
BLb1 : ( 600 , 346 )
BLb2 : ( 631 , 337 )
BLb3 : ( 668 , 339 )
BRi : ( 441 , 349 )
BRo : ( 278 , 335 )
BRu1 : ( 415 , 314 )
BRu2 : ( 371 , 301 )
BRu3 : ( 323 , 307 )
BRb1 : ( 402 , 342 )
BRb2 : ( 373 , 335 )
BRb3 : ( 336 , 329 )
ELi : ( 571.428571428571 , 419.548872180451 )
ELo : ( 680 , 408 )
ELc : ( 625 , 400 )
ELu1 : ( 594 , 394 )
ELu2 : ( 621 , 384 )
ELu3 : ( 650 , 392 )
ELb1 : ( 597 , 421 )
ELb2 : ( 626 , 426 )
ELb3 : ( 653 , 419 )
ERi : ( 425 , 419 )
ERo : ( 319 , 407 )
ERc : ( 375 , 400 )
ERu1 : ( 401 , 394 )
ERu2 : ( 374 , 389 )
ERu3 : ( 347 , 388 )
ERb1 : ( 398 , 422 )
ERb2 : ( 371 , 422 )
ERb3 : ( 344 , 421 )
Nu : ( 500 , 400 )
Nl1 : ( 577 , 584 )
Nl2 : ( 558 , 610 )
Nl3 : ( 535 , 589 )
Nr1 : ( 419 , 593 )
Nr2 : ( 445 , 616 )
Nr3 : ( 458 , 592 )
Nm : ( 497 , 558 )
Nb : ( 497 , 624 )
Ml : ( 593 , 698 )
Mr : ( 405 , 704 )
Mu1 : ( 451 , 675 )
Mu2 : ( 498 , 674 )
Mu3 : ( 545 , 676 )
Mmu1 : ( 452 , 698 )
Mmu2 : ( 499 , 704 )
Mmu3 : ( 546 , 699 )
Mmb1 : ( 451.918091317875 , 719.367702669304 )
Mmb2 : ( 499.762620741472 , 728.271099491154 )
Mmb3 : ( 546.249047000724 , 717.882166082076 )
Mb1 : ( 453 , 752 )
Mb2 : ( 500 , 752 )
Mb3 : ( 547 , 743 )
Ft : ( 500 , 115 )
Fb : ( 500 , 856 )
FL01 : ( 645 , 149 )
FL02 : ( 727 , 269 )
FL03 : ( 777 , 400 )
FL04 : ( 767 , 515 )
FL05 : ( 747 , 628 )
FL06 : ( 726 , 685 )
FL07 : ( 689 , 742 )
FL08 : ( 660 , 771 )
FL09 : ( 627 , 799 )
FL10 : ( 596 , 823 )
FL11 : ( 564 , 842 )
FL12 : ( 532 , 851 )
FR01 : ( 353 , 146 )
FR02 : ( 268 , 267 )
FR03 : ( 234 , 400 )
FR04 : ( 239 , 515 )
FR05 : ( 260 , 628 )
FR06 : ( 279 , 685 )
FR07 : ( 315 , 742 )
FR08 : ( 343 , 771 )
FR09 : ( 381 , 799 )
FR10 : ( 411 , 822 )
FR11 : ( 441 , 840 )
FR12 : ( 471 , 853 )